name: c:\Users\incognito\Desktop\peft_locally\.conda
channels:
  - conda-forge
  - defaults
dependencies:
  - asttokens=2.4.1=pyhd8ed1ab_0
  - bzip2=1.0.8=h2bbff1b_6
  - ca-certificates=2024.9.24=haa95532_0
  - colorama=0.4.6=pyhd8ed1ab_0
  - comm=0.2.2=pyhd8ed1ab_0
  - cpython=3.11.10=py311hd8ed1ab_2
  - debugpy=1.8.7=py311hda3d55a_0
  - decorator=5.1.1=pyhd8ed1ab_0
  - exceptiongroup=1.2.2=pyhd8ed1ab_0
  - executing=2.1.0=pyhd8ed1ab_0
  - importlib-metadata=8.5.0=pyha770c72_0
  - ipykernel=6.29.5=pyh4bbf305_0
  - ipython=8.28.0=pyh7428d3b_0
  - jedi=0.19.1=pyhd8ed1ab_0
  - jupyter_client=8.6.3=pyhd8ed1ab_0
  - jupyter_core=5.7.2=pyh5737063_1
  - krb5=1.21.3=hdf4eb48_0
  - libffi=3.4.4=hd77b12b_1
  - libsodium=1.0.20=hc70643c_0
  - matplotlib-inline=0.1.7=pyhd8ed1ab_0
  - nest-asyncio=1.6.0=pyhd8ed1ab_0
  - openssl=3.3.2=h2466b09_0
  - packaging=24.1=pyhd8ed1ab_0
  - parso=0.8.4=pyhd8ed1ab_0
  - pickleshare=0.7.5=py_1003
  - pip=24.2=py311haa95532_0
  - platformdirs=4.3.6=pyhd8ed1ab_0
  - prompt-toolkit=3.0.48=pyha770c72_0
  - psutil=6.0.0=py311he736701_2
  - pure_eval=0.2.3=pyhd8ed1ab_0
  - pygments=2.18.0=pyhd8ed1ab_0
  - python=3.11.10=h4607a30_0
  - python-dateutil=2.9.0=pyhd8ed1ab_0
  - python_abi=3.11=2_cp311
  - pywin32=307=py311hda3d55a_3
  - pyzmq=26.2.0=py311h484c95c_3
  - setuptools=75.1.0=py311haa95532_0
  - six=1.16.0=pyh6c4a22f_0
  - sqlite=3.45.3=h2bbff1b_0
  - stack_data=0.6.2=pyhd8ed1ab_0
  - tk=8.6.14=h0416ee5_0
  - tornado=6.4.1=py311he736701_1
  - traitlets=5.14.3=pyhd8ed1ab_0
  - typing_extensions=4.12.2=pyha770c72_0
  - ucrt=10.0.22621.0=h57928b3_1
  - vc=14.40=h2eaa2aa_1
  - vc14_runtime=14.40.33810=hcc2c482_22
  - vs2015_runtime=14.40.33810=h3bf8584_22
  - wcwidth=0.2.13=pyhd8ed1ab_0
  - wheel=0.44.0=py311haa95532_0
  - xz=5.4.6=h8cc25b3_1
  - zeromq=4.3.5=ha9f60a1_6
  - zipp=3.20.2=pyhd8ed1ab_0
  - zlib=1.2.13=h8cc25b3_1
  - pip:
      - accelerate==1.0.1
      - aiohappyeyeballs==2.4.3
      - aiohttp==3.10.10
      - aiosignal==1.3.1
      - attrs==24.2.0
      - bitsandbytes==0.44.1
      - certifi==2024.8.30
      - charset-normalizer==3.4.0
      - datasets==3.0.1
      - dill==0.3.8
      - filelock==3.13.1
      - frozenlist==1.4.1
      - fsspec==2024.2.0
      - huggingface-hub==0.25.2
      - idna==3.10
      - iniconfig==2.0.0
      - jinja2==3.1.3
      - markupsafe==2.1.5
      - mpmath==1.3.0
      - multidict==6.1.0
      - multiprocess==0.70.16
      - networkx==3.2.1
      - numpy==2.1.2
      - pandas==2.2.3
      - pillow==10.2.0
      - pluggy==1.5.0
      - propcache==0.2.0
      - pyarrow==17.0.0
      - pytest==8.3.3
      - pytz==2024.2
      - pyyaml==6.0.2
      - regex==2024.9.11
      - requests==2.32.3
      - safetensors==0.4.5
      - scipy==1.14.1
      - sympy==1.12
      - tokenizers==0.20.1
      - torch==2.4.1+cu121
      - torchaudio==2.4.1+cu121
      - torchvision==0.19.1+cu121
      - tqdm==4.66.5
      - transformers==4.45.2
      - tzdata==2024.2
      - urllib3==2.2.3
      - xxhash==3.5.0
      - yarl==1.15.2
prefix: c:\Users\incognito\Desktop\peft_locally\.conda
